1
16
64
10
42
14
371
245
2
20
69
23
7
12
863
601
3
22
49
9
46
13
989
1375
4
23
56
15
50
15
432
98
5
25
68
8
32
15
603
260
6
27
44
21
24
9
912
1017
7
28
57
12
23
11
792
827
8
29
64
12
21
10
457
118
9
29
47
19
25
9
652
630
10
30
65
12
35
11
514
29
11
30
59
15
31
16
570
387
12
30
47
17
39
11
815
706
13
30
81
4
77
36
819
369
14
30
54
13
27
12
821
1139
15
31
71
11
25
19
341
565
16
31
61
19
14
12
439
448
17
31
66
9
58
15
548
226
18
32
67
11
37
16
491
809
19
32
72
11
43
18
494
213
20
32
45
34
15
10
760
451
21
32
50
19
21
9
776
404
22
33
62
13
28
11
546
102
23
33
46
22
24
8
619
608
24
33
72
13
13
22
657
879
25
34
68
12
24
14
484
325
26
35
54
14
27
13
357
218
27
35
60
13
21
9
506
137
28
35
57
9
60
18
799
693
29
36
69
7
25
12
424
38
30
36
62
7
81
27
437
148
