1
0
1
0
1
0
0.5
2.184
0.9472
1.592
3.08471
1.5208
2
0.1
0.9
0.19
0.91
0.18
0.6
2.22499
0.97999
1.61249
3.10882
1.56998
3
0.2
0.8
0.29
0.81
0.28
0.7
2.23031
0.98424
1.61515
3.11194
1.57637
4
0.3
0.7
0.39
0.71
0.38
0.8
2.24923
0.99938
1.62461
3.12307
1.59907
5
0.4
0.6
0.49
0.61
0.48
0.9
2.28175
1.0254
1.64087
3.1422
1.6381
6
0.5
0.5
0.59
0.51
0.58
1
2.32787
1.06229
1.66393
3.16933
1.69344
7
0.6
0.4
0.69
0.41
0.68
0.4
2.17759
0.94207
1.58879
3.08093
1.5131
8
0.7
0.3
0.79
0.31
0.78
0.3
2.19091
0.95272
1.59545
3.08877
1.52909
9
0.8
0.2
0.89
0.21
0.88
0.2
2.21783
0.97426
1.60891
3.1046
1.56139
10
0.9
0.1
0.99
0.11
0.98
0.1
2.25835
1.00668
1.62917
3.12844
1.61002
11
1
0
1
0
1
0
2.194
0.9552
1.597
3.09059
1.5328
12
2
1.5
1.8
1.1
2
1.2
6.4772
4.38176
3.7386
5.61012
6.67264
13
1.2
1.3
1.4
1.5
1.6
1.7
5.5256
3.62048
3.2628
5.05035
5.53072
14
0.8
0.1
0.7
0.6
0.5
0.6
1.9552
0.76416
1.4776
2.95012
1.24624
15
0.7
0.2
0.6
0.7
0.4
0.7
1.9804
0.78432
1.4902
2.96494
1.27648
16
0.6
0.3
0.5
0.8
0.3
0.8
2.0192
0.81536
1.5096
2.98776
1.32304
17
0.5
0.4
0.4
0.9
0.2
0.9
2.0716
0.85728
1.5358
3.01859
1.38592
18
0.4
0.5
0.3
1
0.1
1
2.1376
0.91008
1.5688
3.05741
1.46512
19
0.3
0.6
0.2
1.8
0
1.1
2.7128
1.37024
1.8564
3.39576
2.15536
20
0.2
0.7
0.1
0
1.1
1.2
2.8096
1.44768
1.9048
3.45271
2.27152
21
0.1
0.8
0
0.1
0.3
0.5
1.8916
0.71328
1.4458
2.91271
1.16992
22
0
0.9
1.1
0.2
0.4
0.4
2.2064
0.96512
1.6032
3.09788
1.54768
23
0.9
1
1.5
0.3
0.5
0.3
2.7948
1.43584
1.8974
3.444
2.25376
24
1.8
1.1
1.9
0.4
0.6
0.2
3.3968
1.91744
2.1984
3.79812
2.97616
25
0.1
1.2
1.9
1.3
0.7
0.1
3.2652
1.81216
2.1326
3.72071
2.81824
26
0
1.3
0.2
0.5
0.8
0
2.6704
1.33632
1.8352
3.37082
2.10448
27
0.7
0.6
0.5
0.4
0.3
0.2
2.0156
0.81248
1.5078
2.98565
1.31872
28
0.6
0.5
0.4
0.3
0.4
0.4
1.9644
0.77152
1.4822
2.95553
1.25728
29
0.5
0.4
0.3
0.2
0.5
0.6
1.9268
0.74144
1.4634
2.93341
1.21216
30
0.4
0.3
0.2
0.1
0.6
0.8
1.9028
0.72224
1.4514
2.91929
1.18336
31
0.3
0.2
0.1
0
0.7
1
1.8924
0.71392
1.4462
2.91318
1.17088
32
0.2
0.1
0
1.5
0.8
1.2
2.5004
1.20032
1.7502
3.27082
1.90048
33
0.1
0
0.4
1.3
0.9
1.4
2.4804
1.18432
1.7402
3.25906
1.87648
34
0
0.3
1.3
1.1
1
1.6
2.9472
1.55776
1.9736
3.53365
2.43664
35
0.5
0.4
0.5
0.9
1.1
1.8
3.1608
1.72864
2.0804
3.65929
2.69296
36
0.4
0.5
0.4
0.7
1.2
2
3.3012
1.84096
2.1506
3.74188
2.86144
37
0.3
0.6
0.3
0.5
1.3
0.8
3.0484
1.63872
2.0242
3.59318
2.55808
38
0.2
0.7
0.25
0.3
1.4
0.3
3.0424
1.63392
2.0212
3.58965
2.55088
39
0.1
0.8
0.14
0.1
1.5
0.4
3.2312
1.78496
2.1156
3.70071
2.77744
40
0
0.9
0.03
0
1.6
0.1
3.3316
1.86528
2.1658
3.75976
2.89792
